   159.256469830906        202.829317023604        48.7515972738516     
   195.227616655751        355.297913020511        421.578499743318     
   573.438760486029        549.985319215102        142.444720966890     
   241.965549899465        380.480232420501        54.7839647608961     
   430.311702176613        272.506257613000        505.881673750932     
   153.531624274500        219.857054320381        47.1470018240404     
   192.184535874623        440.884561571285        365.444108371045     
   445.299875615792        354.217993061320        191.052115970022     
   362.332895252281        435.880545062532        419.666411919835     
   46.6954273377968        208.573310221647        13.2355744130808     
   732.084055725215        65.8822975814602        197.176154184115     
   177.606144551309        86.5010746078938        589.280480278451     
   471.863822182931        55.4265950204442        220.541354856709     
   254.859281687842        506.574294164276        493.033817851104     
   569.948194724500        227.911575485762        294.507993455295     
   137.802111270700        373.108690029492        600.632507524921     
   83.2211549000122        82.0314518117986        140.219109442484     
   298.193272914909        543.796357666426        22.7013109711009     
   163.536835631138        152.409962782191        20.4825995031528     
   237.059205050184        383.959229197954        338.794527010575     
   707.170166644817        152.172825853623        430.124416341156     
   186.395921377646        116.069193479843        415.520307401332     
   361.497967402879        508.558949909295        199.907896035531     
   92.8293829715298        282.195179506759        220.174963942674     
   176.373478238365        40.0765917057188        156.406081581997     
   134.444279330817        591.838237536431        575.104108405401     
   503.204972061126        359.584989740644        415.623579038258     
   455.565075840284        489.412544273347        480.198149583927     
   379.455196902950        398.344050215273        348.780712488351     
   90.2113761640411        785.630236454019        178.232416246741     
   536.886214018745        91.9864818749009        231.512177990928     
   55.0416884537665        438.730413733761        172.273523492965     
   691.176925913377        9.08497867276831        396.369292941698     
   366.390655680609        783.748414648846        429.280556546756     
   618.554983011309        198.167384755825        233.905423837710     
   75.9111659863853        14.0120150737747        564.344682578477     
   211.873094019571        361.944162964116        338.124237415096     
   442.760221370477        131.047501468958        20.5147120243792     
   349.983579978876        591.626859018330        103.361175484413     
   93.2991601415232        279.785984472088        74.6191506076627     
   89.5102708939415        170.894263570755        46.2644389126629     
   291.996065369728        809.714457327512        686.818679263067     
   220.398480543139        76.8158399822170        294.062111282287     
   140.373625571524        156.448915313728        354.583042695187     
   267.030680581066        613.746602203523        553.646325827647     
   95.8621718121118        239.508974528070        558.921699766284     
   5.65870918227954        305.764804515885        136.106399354231     
   232.934399091628        334.224908151301        313.149537634289     
   150.468831090383        506.263036281523        247.141512541291     
   432.353259098612        63.3796418282137        699.126069358584     
   367.383589178147        439.901245675095        535.736504850898     
   384.773295031571       0.190005794398805        260.045047767649     
   180.245150305600        120.331293340065        406.105895614384     
   290.805144992039        554.256039982151        48.5134674209145     
   93.9050408168113        138.374916396836        409.706307369766     
   147.146789206332        16.6289412156450        22.9118455720963     
   448.465410777892        279.169079168647        213.115753481805     
   411.734747195950        175.132665288471        312.473884062373     
   169.945352167243        136.056844273800        29.3166674425964     
   80.0616698478552        299.780015900587        541.891978897597     
   305.759084891912        380.765601002934        551.986161914613     
   263.401100562140        540.500603897900        418.879182264810     
   641.163709833384        137.918045230778        254.298156672411     
   101.610270825267        250.930513875339        277.217833035178     
   548.062656020685        240.571301172270        131.492510338599     
   267.993784581172        473.153513466277        136.506191216560     
   380.578354537935        676.447463283603      -0.580430876698351     
  0.319802681146647      -0.133473295117594       0.238973675697631     
 -0.704469617024552      -0.876918621326606       9.072074499218141E-002
 -0.932556473623866       0.101922444545917      -0.956039992354918     
  0.124687730801052      -0.129543082259609      -0.279738550761510     
 -0.758844991965703      -0.920064641860702       0.752994859651571     
 -0.140923521181725       0.867873738753875      -0.775592680454566     
 -0.472921810561163       0.824072831084988       0.512143874229220     
  0.407849512129827       0.963782315969164       0.729821161479070     
  0.455859975721849       0.939565082489134      -0.445323416101932     
 -0.589399291080663      -0.225969469366715       0.853856855032575     
 -8.143202598787816E-002  7.697608253795118E-003  0.752497635037818     
  8.825224083405514E-002 -0.377575062722794      -0.702618049340091     
 -0.960742326305131      -0.417743491561835       0.725596587960538     
  0.600547137982330      -0.964708189495193      -0.567812477833697     
 -0.919976101250690       0.258071964881324      -0.921924687096887     
 -0.122339228327079      -0.859426284207621       0.728441890503739     
  0.530518827261380      -0.454684571883843      -0.125198802359154     
 -0.858779517559779      -0.463229507848333       0.897043824308792     
  0.736309123114882      -0.582218860668957       0.340881411291286     
 -0.276435352241621       0.289994178287619       0.800336814517388     
 -0.859398434280669       0.892644428054216       0.352065536624351     
  0.320087225326891      -0.449378275971275       0.700714249554665     
  8.577219748920506E-003  0.630026907314954      -0.445518656224373     
 -0.907903299995288      -8.750244305280902E-003  7.964380142978837E-002
 -0.268727728699606      -0.932842343406589       0.772563169433485     
 -3.402023801593468E-002  0.100088808666921      -9.396279755486769E-002
 -0.664920090380164      -0.809853286345264       6.724268932007615E-003
  0.789479036450085       0.869819292843181       0.953989629407784     
  0.892700289642797      -5.301082523174966E-002  0.218691776086107     
 -0.669628477772471       0.732608846030007      -3.621659760068663E-002
 -0.281348966910820       6.187237246340627E-002  6.669661301196228E-002
 -3.879806082295179E-002 -0.566730233349919       0.889426184630114     
  0.753079106404172      -0.864263247493092       0.631437356833697     
 -0.811142658932903      -0.800400954141082      -0.390686473967008     
 -0.790935474291673       0.428792442934420      -0.542038637142851     
 -0.369204730946393       0.399463248976655      -0.232806157205238     
 -0.877471482408939       2.083942573008224E-002  5.788333278809049E-002
  0.799380053107204       0.628697002248106       0.686785911296649     
 -0.842380268543576      -0.154107413573827      -0.159405136686909     
  0.363828755137963      -0.605476841060711      -0.831904885454261     
 -0.419356154519831      -0.608863709548714      -0.109287411623217     
  0.744540793539991       0.801072169272370       0.569131298807063     
 -0.878123566340963      -0.277771955964922      -9.523788957533805E-002
 -0.765808049714771       0.360865348277915       0.934307891422431     
 -0.795584600142651      -0.679773478823519       0.439947975337801     
 -8.814393215896532E-002 -0.563502722664656       0.353294082019721     
  0.637631330729285      -0.123860871114707       0.546479732942804     
 -0.157584252059391      -0.842536791012183       7.809111191443846E-002
 -0.743228453960840      -0.292835290085256       0.635909062292746     
 -0.495415704732804       0.724330800966115      -0.749501695653288     
  0.510203157405614      -0.938254726409407      -7.878586849326247E-002
 -8.789608326291032E-002 -0.866170370469010      -0.125832471494224     
  0.432670624916950      -0.147237927598148      -0.174927851753565     
 -0.558823731221873       6.592809715435083E-002  0.376256739055570     
  0.997834670142210       0.226088609612509       0.755480193260178     
  0.261942793699642       0.719293964557609       0.685024628090146     
  0.763852585916867       0.435366689656142       0.802896735196970     
  0.504124282300062       1.783751352969767E-002 -0.521657809776420     
  0.311557450671386       0.782475310321289       0.919528321605885     
 -0.899815219593789       0.487809299887530      -0.411376150984087     
 -0.385971299847340      -0.699073024767684       0.616346225409709     
 -0.101808563321707       0.715567158498149       0.983179484989318     
  0.991675521610736       0.158557844606200      -0.581508608540770     
 -0.529886740902166      -0.244127307208535       0.654898863262869     
  0.341394470184023       0.410822751019814       0.513814587313881     
 -0.538083527868207       0.531599936984269       0.815752571283383     
 -0.730453034710809       0.650831006050329       0.520916755184554     
  0.749891901889786       0.140771413351415       0.539078572602161     
  0.252296111921346       0.809845335268549       0.910977338920248     
  0.163835907128518       0.394756346945423       0.372141652520952     
  0.150836228694293       0.284746362688810       0.951272003541109     
  0.366084707922191       0.549138354527328       0.634492623639245     
  0.619891456309931       0.493254135681713       0.577283293800532     
  0.273123935156032       0.435535521687888       0.778392182004729     
  7.541452156537160E-002  0.801191241974895       0.935744433338939     
  0.925469624602532       3.504122287656938E-002  0.255550377232146     
  9.505024437688214E-002  0.891227680281069       0.486148293293372     
  0.776315179804693       7.718557174104054E-002  0.301720491410867     
  0.314031308486725       0.198772008536099       0.451707206554986     
  0.543545465439668       0.781356465774513       7.336595604484519E-003
  0.541617626806427       0.852320604777278       0.291958919556267     
  0.449435852430602       0.652035822501966       0.432137763722248     
  0.321418893230246       0.392630024059046       6.383334208700919E-002
  0.785796420728810       8.382280958844704E-002  0.835591092751805     
  8.472685844517991E-003  0.927968537734399       0.232019940341728     
  0.931615927405659       0.377527651222343       3.293467538529794E-002
  8.433544113583091E-002  0.513614560497645       0.558665928122377     
  0.277112026008519       0.108545730650443       0.189437690002265     
  0.174112647651077       0.977812447591683       0.960178499082544     
  0.374409486372587       0.859253859524537       0.457486028844368     
  0.230643343670480       0.801501756000807       0.450913145914355     
  0.546453421313569       0.993063006933335       0.917577754063335     
  0.492161459550018       8.461875413358916E-002  0.679835128091118     
  0.376060994814160       0.991409472389037       0.927980792736067     
  0.785252681714591       0.899516739141113       0.847168544459955     
  1.660375373006606E-002  0.335938103267983       0.273853356203973     
  0.521038327890516       0.871502522154907       0.735782503181749     
  3.144703395105412E-002  0.298461173564088       0.984301860655433     
  0.295561631125997       0.345588966445554       0.432284193881632     
  0.493774559665034       0.991947158304744       0.240461666480057     
  0.473224967208429       4.721065694026882E-002  0.945747145798153     
  8.113821656648657E-002  0.550847380681395       0.558141873751869     
  0.734072858096905       0.123539142166170       3.479719660770733E-002
  0.444611958975225       0.453071108082307       0.980499847752913     
  0.663402981660362       0.145580564656304       0.754530984099864     
  0.178503835403223       0.917599009988668       2.236899198748893E-002
  0.208549351348762       1.867152806653283E-004  0.540722962975132     
  0.507554108226678       0.336236253695888       0.724312097929241     
  0.884590918280896       0.248574262241131       0.611507006144496     
  0.549503802734948       8.483707373454430E-002  0.246009009026188     
  0.705352479769667       0.835055727246376       0.162372553805428     
  0.711059871663136       0.238509881246243       0.379479039275967     
  0.694347351956246       0.747275232218588       0.478327374702422     
  0.890014056268331       8.346176982423037E-002  0.125762134436736     
  0.199241006323785       0.433167109860855       0.163695550269787     
  9.203790226105069E-002  0.246479009665173       0.589099886759703     
  0.977477644248190       0.832130714632380       0.467526627933503     
  0.729105116821630       0.811908006002877       0.867848518034074     
  0.875387836766620       0.398417362678709       0.324726958948565     
  0.564132122643316       0.463239494900463       0.352786659819365     
  0.376004758740607       0.970912326051897       0.597399489348223     
  4.999408151850880E-002  5.033470369669535E-002  0.711518938478112     
  0.407456049723562       0.723867119413774       0.403089885543518     
  0.364110091523614       0.674787612680224       0.191360289855048     
  0.370901496795018       0.284934010343802       0.953538999375536     
  0.766376483827489       0.934471694374585       0.341106261275589     
  0.233514358962236       0.808712667351168       9.637959251008418E-002
  0.414919774248959       0.245012808815911       0.677189944170991     
  0.210281192796231       0.938992617236547       0.646469976477429     
  0.703069704649053       0.971740832575282       0.277227977001436     
  0.661794980218265       0.960634275146526       0.800516702434504     
  0.442608039696528       0.178725964743623       0.492729844956173     
  0.908125243991092       0.535961455721413       0.999391521103040     
  0.366677022230288       0.101088944501596        5.23187590270811     
   1.19140525363345        1.59902434392022        3.71926268808231     
   3.66964813697032        1.68578331040802        6.17420560757679     
   6.02509534023548        6.06548332247963        3.63970205407415     
   1.39674004094461       0.307536474149604        5.95517622172799     
   3.10391955283603        4.61346395203777        2.92718666618954     
  0.397715442102179        5.74594907436509       0.731299654061812     
   5.02509844778580        1.84020875777314       0.942363719953951     
   1.47461976865481        5.92283846645408        1.20579622047106     
   3.86091132690803       0.968274317507679        2.74648199678131     
   4.03163306000342        2.20977427825827        5.38775959188802     
   1.73937321711534        5.77975789510740        3.31738757371523     
   2.90994036687318       0.954395104140846        4.71915728908016     
   5.65257905788247        1.04746885194260        6.04091084048464     
  0.770921938841623       0.154010528160114        4.04003987099265     
   4.46989343029657        2.22970714851636        3.99998953531285     
   3.36979906587350        5.25953735771841        2.17697134912197     
  0.606004549340936        2.78582591517812        2.79003853037999     
   4.39867834674313        4.91336456054469        1.01286777595296     
   2.33427995097740        5.97742230435790        1.09342151485427     
   4.85649166468760        5.50643515131389        4.91676732382056     
   6.01748175766271        5.70809271178996       0.982958892560781     
   1.45058593540779        3.20918353156840        1.20659966285046     
   3.25171489105005       0.575682460276985        2.77422182179301     
   3.09955572121195       0.105760781231542       0.446726250445296     
  0.798273923072021        3.08539054491587        2.66646286994601     
   3.30849059261211       5.367669780089868E-002  0.405946561567316     
   5.25106286692348        5.51870928743210        3.91575587558416     
   2.78147131666587        5.89843118390374        5.16363092628039     
   3.04279310970013        1.63286591405479        2.71152609261216     
  0.847527544924321        2.88992748852448        5.11190967129836     
   4.41555584495382        5.41010050594531        4.86485719847048     
  0.382167032194193        1.67045937073526        4.18320983351607     
   1.96997695565092        2.32057408107959       0.256324704054334     
   1.70198611942783        4.12042371190858        4.93910819606893     
   3.52446152093629        3.49017243759083       0.113599983118922     
  1.712032661532553E-002   2.98929161896764        3.07696957496805     
   3.54365948832275        1.27573311471030        5.38466036174278     
   2.79352299785632        5.15889329174258        6.17018157163368     
   2.52438730163058        2.02694570629370        4.00989500372507     
  0.259688836051332        2.79355242653819        2.63502602633870     
   5.51201447214121        4.52585482612127        4.97544246818873     
   1.68906862287619        3.71519824414720       5.808914735256937E-003
  0.557725348464679        2.15882868300847        2.91539299336908     
  0.190202047122778        1.82255089576700        3.62172639655427     
   4.37740284260607        1.35419985041661        3.79493463776487     
   2.33889900346548       0.215030104899602        2.01047495878888     
   1.64787694878003        1.24574388942382        4.34964814534468     
   1.10402750764504        6.23668932144555        1.41801936496598     
   3.56668295544373        6.10092111405450        4.56660903606106     
   3.02882217123931       2.430020598429128E-002   2.64325128738517     
   4.63878756099535       0.690573726922365       0.576554348786183     
   3.19318391584681        3.85702374758077        1.34279012469173     
   2.84575501374389       0.165161954501142        1.44635309857261     
   1.60157108804321        4.82788029103812        3.20718406635897     
   1.58758955950892        2.49175616886247       0.736974984539508     
   5.23901300987536        1.64672166614286        1.20016427069723     
   1.89825751205316       0.616031536686414        1.04980807435680     
   5.59736492702448       0.363320077358481        1.02043527130468     
   3.53981752872646        4.20994914960566        5.59439957012397     
   5.05580616168255       0.406203782893060        3.33137949347021     
  0.785741262612681        1.74189061144545        4.49128876719417     
   1.61174108380263        3.19188091336309        4.91898687301866     
  2.608443470920252E-002   1.60476077161283        3.57901874007488     
   1.05762187123227        4.73137599622838       0.550270357237328     
   5.27371520035230        1.41751053694542        2.45980162811577     
  0.423697490881786        2.48332180999376        177.705679565856     
   105.845435408815        43.5656623101179        141.078731018570     
   245.914565229762        165.391509968200        9.46369385745389     
   70.7978562276552        104.860429705527        337.350208011579     
   114.825250800137        344.466599211232        325.733686759127     
   116.707505571862        74.7255276614363        301.205238240988     
   15.8869441396342        164.825884682077        26.7615424900963     
   67.6175465338900        387.955162440743        96.7239566694608     
   133.680940533590        185.333475605993        143.118692146893     
   115.070642751435        441.756715712674        253.593945528710     
   100.214783655463        148.532614735727        5.79982708351918     
   131.204556569735        71.9870670530122        350.143732861172     
   134.962297582684        43.3705093977722        285.997860002184     
   283.908679591419        150.494962416269        466.612005130510     
