   188.701784536579        152.049810209070        154.464653060465     
   193.400812144213        192.515809082539        256.370966115335     
   87.6136894744089        261.268672645813        247.146285940113     
   152.823046026261        179.105464268006        225.592693024343     
   173.125179110264        224.414699698302        245.629091762896     
   251.992114594354        168.491063866141        225.984740886332     
   154.420679748011        183.159628258527        170.590345966613     
   115.058127491623        232.421249490050        275.940730312718     
   212.424418834576        193.270282373863        181.551146516826     
   167.801115848888        235.867445402772        250.565091425409     
   167.178280527221        182.066200306330        205.695826116288     
   215.200444851138        196.299069818760        182.772776545206     
   164.101563887529        154.202762617547        172.015612227254     
   193.829183664816        93.4220366504289        166.359461226607     
   231.516998843043        202.613157080925        206.405895047226     
   212.008972595435        152.361274865912        212.433814344902     
   335.488257952700        373.434292933017        331.235635521187     
   337.589755270609        230.474253220289        252.362514154928     
   198.279925903530        193.128388418776        67.6655730552967     
   176.676686454321        303.398631203011        143.061606168897     
   151.382083822869        115.510294781380        122.328649122093     
   159.242049271352        226.565380271743        194.768863166829     
   190.594765500320        234.129392464455        175.942308206998     
   178.122534554526        207.838876229642        214.077395426529     
   157.951871673076        164.817190828773        140.824367281363     
   211.444871639675        163.917405504056        264.091596555374     
   205.712414009474        151.341758399512        274.033940705193     
   90.7577790217212        231.938873166210        225.978699755943     
   180.857939281135        233.575857895158        215.156710056957     
   126.532392502687        248.260979068392        223.098669769216     
   288.632616777906        208.098009570672        204.956535902498     
   131.314078216370        226.755590045864        205.412722166452     
   287.494366133393        224.267905288333        189.000847944492     
   170.283132748181        204.864362021365        104.106437040738     
   156.682863485142        207.165367879973        141.909490410704     
   93.1200108830717        105.377714477045        189.550444623948     
   171.523582415975        128.868878200780        167.665732511008     
   188.251533426924        181.828884449415        168.995570232064     
   93.4629547249046        113.998670060133        150.653810137760     
   117.661727432495        137.294847910068        181.822469972097     
   60.9349115061480        193.002924080456        278.229352133667     
   293.561869606781        313.787388612820        302.780173198148     
   262.546853321529        220.647976554382        213.762776419749     
   202.830085885648        188.999873766805        132.550575061487     
   183.637007371433        97.3449022893331        109.582587799120     
   70.7024338329731        161.372201560556        225.210918235079     
   209.732884081668        148.393409643048        214.674106754235     
   144.004986711513        198.245127327487        231.272627659044     
   117.011715636804        153.013075217418        171.565014646972     
   86.1832901010191        126.547877963413        253.767202523095     
   207.012706986975        109.003589709542        89.4799267989407     
   147.715260925050        179.848436808491        209.490422887624     
   211.964406986682        201.969159867199        330.740432231100     
   380.711981632572        250.026389304702        270.195030060825     
   198.680936986121        242.253507858388        140.563976748342     
   150.925941771374        164.325877634010        200.678267430099     
   188.435072561439        147.979033916888        187.000838843299     
   246.250276289248        265.810822955075        199.512965593265     
   192.671843743784        179.068749010685        151.366789508954     
   246.332643759466        227.969556286301        160.432209680319     
   131.889741993390        102.744172515880        226.215264446824     
   179.395917847040        275.302196972924        220.391279081483     
   166.617480484324        220.694764972128        218.716055439057     
   309.996654112798        313.757093682619        166.031701183349     
   108.294851487943        153.004454098849        222.623320868728     
   254.677355310051        262.686756868458        143.524889418330     
   144.818261315947        224.767401350698        194.102002442809     
   237.281443629432        162.767899949337        80.5162543795855     
   211.687244187013        194.157928304045        62.0454181022185     
   188.567002619833        203.151111074714        243.520391979809     
   98.3537239247312        226.805684926072        222.396184204274     
   321.239454826815        57.3982874913466        134.521115898962     
   55.8702501726667        163.720656911275        42.3741922664508     
   193.588314443245        205.279010784540        258.721555020282     
   298.421672700492        249.805558799434        261.996810691954     
   211.688090135560        263.268664034013        186.186654663002     
   216.096423483434        206.739580938982        173.269241478017     
   219.011803087925        124.307726371216        170.200485365714     
   210.267126870769        111.748991875777        200.407437350938     
   172.989027931138        313.738918812770        156.987904844154     
   264.951848053791        217.891007406709        181.713301899294     
   113.179172890034        314.492209902536        106.725867867723     
   344.795794603274        314.481030112240        231.145170049030     
   215.524929386427        115.141422166013        204.697302706503     
   153.655936396107        176.480558943181        215.488684597083     
   172.073339884416        122.141117956075        100.544249591385     
   126.401332574496        216.827042012884        133.581797025585     
   119.431354760790        88.2436070881764        203.248879324053     
   88.7558760942150        264.498819234252        114.313400562744     
   133.621102916090        201.231117363754        153.468109931375     
   172.478592248990        180.645758554543        194.103358456941     
   219.271357198159        118.172564878587        261.658791068621     
   114.927008110196        210.437065657855        193.357713799380     
   232.931432018377        121.893935396384        115.691759232383     
   122.529991863939        210.301699640022        180.130070202969     
   215.048437588223        214.172333529617        149.488987075738     
   67.8288588127340        101.568226478092        116.904803200115     
   236.132709429656        212.508953878889        125.732699354594     
   158.570611589163        177.631719010513        81.7306773813217     
   234.473560515338        298.153304643772        312.575018663571     
   249.811130922463        204.916261682861        157.145526551931     
   259.291267392410        153.106256495404        84.7377085071593     
   308.835132815902        231.642672836697        170.169932831250     
   286.014569649870        248.078454913600        131.513002854568     
   297.007145597362        207.917919745160        322.356199628034     
   318.329582565362        230.312514534444        309.536255944360     
   228.958275015220        108.836046030845        178.293515942160     
   176.821678557241        194.950560993187        142.175283523905     
   213.749767357939        281.051029992463        175.874221077428     
   171.961855998096        244.340318038672        110.462766474211     
   247.060633785338        261.684935245897        219.895077838364     
   113.670379530020        239.509030054118        291.556880720966     
   208.511135314213        230.660769235398        99.1685801200371     
   111.651682816681        176.517066207480        234.885462181094     
   108.445533726007        220.312432434323        188.045243185404     
   200.945091278658        121.677418895653        244.003166446987     
   198.962279812417        152.937126036366        195.626029837817     
   212.249880428277        217.813280343400        181.075963574253     
   190.102861863697        162.642174083118        157.800884419393     
   175.344854328070        235.889016586422        128.497017156952     
   192.507990244425        180.682232322110        327.867696291663     
   204.580671711551        290.445119912705        223.791666395807     
   228.190632093150        149.492584125278        244.384041221402     
   167.770647331909        105.995479875130        152.119198672965     
   188.364231412576        141.899683766324        179.554322089910     
   201.489708917191        192.077867338918        149.245782450374     
   186.503712515529        145.873346284839        114.660173252524     
   177.273566951221        176.705436960578        186.094058613258     
   105.623672452650        189.367166998653        167.126768918912     
   177.448307174866        282.268828911472        241.097472429453     
   179.520678514262        189.998503501011        110.672114909466     
   174.970121069595        121.712344131855        242.173802877784     
   134.665107954628        232.512842259878        298.834959671414     
   106.943636711873        241.991214333113        177.477850014928     
   123.812825320827        245.822512283046        157.139998372676     
   170.600007166936        96.1018009739008        108.006283357893     
   190.212127889321        181.188136911887        104.292829863597     
   230.688972718565        122.073132181845        182.007255332954     
   226.221622629904        172.868439167800        207.731210388119     
   203.942482523253        190.746594754149        196.872478200948     
   172.036824472757        178.928508961615        235.919592207163     
   201.796315273071        238.491461499828        310.720214394718     
   529.605272682377        417.808653943000        333.610476520751     
   401.749772022335        378.992060424231        278.183816485622     
   198.954609772951        87.4154306001562        197.074323719335     
   159.711654808270        79.7605678090276        129.780043875519     
   173.276408075810        142.417449538211        289.983733114190     
   144.482995066090        158.908231603432        68.5620420206779     
   194.663695194440        173.988026133066        184.523619183194     
   250.383741251254        65.0624481878992        72.9310283942946     
   174.806314870892        180.417389784998        150.140052579384     
   177.609462077756        152.475478673413        219.314235026754     
   225.152876558933        228.121470914204        164.773657227964     
   209.532206890263        144.037354478338        133.911568379066     
   194.855640904388        129.148773130541        278.364733998923     
   270.763091187788        198.191656892634        188.715304749106     
   184.034496957767        178.988218231104        126.364149017841     
   98.8349781248586        167.437525869824        188.362491146667     
   263.799840390268        306.346666027780        320.820867549112     
   195.697973816376        120.462930787518        263.723029899088     
   182.969341441492        157.782868767051        184.726925510371     
   277.539910901678        228.392833482894        279.739684287931     
   179.743560804945        159.825171458948        184.207456208141     
   138.927967267782        254.964304098812        246.448674700130     
   215.645589888117        124.170705706651        208.551761738024     
   117.227949653314        232.133421816447        149.882688450798     
   242.536439870649        309.321927219732        163.673562459982     
   209.227102252915        170.563721127066        180.916640036073     
   265.015368362999        90.7976742692780        135.934058841985     
   248.614731177785        273.532502423322        235.210679750789     
   103.757711679930        196.955363289130        260.301036652144     
   127.706039855652        172.957066424762        122.696367799158     
   138.052603748361        259.014750451764        94.7477879740367     
   245.664721359333        171.128109815940        173.275057102598     
   198.006879219105        213.082547387927        129.872802772919     
   96.1848904870920        166.464466649268        181.678641297420     
   120.207137531514        174.660393329511        186.954242519655     
   155.701589942895        169.809601636581        147.235988536147     
   114.411708312794        192.057027456210        199.238648826814     
   191.575738465144        183.188938986660        242.861955853956     
   228.844631469466        140.181449642027        135.293802491762     
   115.879251512546        138.629692483148        227.660600131827     
   211.176505455646        107.795255041166        233.763216862142     
   239.437123398248        285.068742296842        169.140967983260     
   148.400320298944        163.050045943769        215.126095868638     
   182.874982015364        150.583031585428        214.696413826080     
   212.474190660763        157.491406853691        224.294715505551     
   139.863409437056        193.225648429803        144.232338423584     
   194.673960673011        164.959841707664        182.976384152820     
   328.320031382185        222.105439943016        206.717097996581     
   176.547444176153        122.299616504983        182.889195611862     
   108.966881575464        181.216898527239        162.825427585517     
   136.181596867964        134.328065994210        151.782177524432     
   190.204515423948        46.7559047726154        85.7671967836151     
   127.195555137893        129.865863613922        115.915896814018     
   67.6747011152984        171.499614113696        98.4434890900825     
   289.143751644750        169.603713630453        178.133864480171     
   185.286800545986        123.187149737338        114.569240485665     
   258.626475656268        217.925858516389        140.424620213329     
   299.322319449085        172.455716497583        141.286130843140     
   172.674885416105        188.567907797465        256.114180683503     
   232.469571683966        267.833763976083        228.670253527464     
   197.295055899773        220.994690680203        230.497424100710     
   118.457910824187        244.853407459486        84.3213066859483     
   189.501270176668        125.837162159946        131.873020326586     
   127.006911636868        227.829611112669        168.682607878622     
   254.252409919899        319.029777230732        234.273071499559     
   268.804813516673        161.294652107402        184.198119309697     
   171.198440993114        138.109456826990        247.058332325670     
   140.889416170428        129.524191549402        192.582136938572     
   92.3634523114025        261.734041773739        161.879285494979     
   173.944230092947        271.461159565022        202.707659806333     
   118.790209557635        211.773270234195        277.400723230306     
   147.409078081335        153.321185107762        184.587740991192     
   190.934712294245        231.778426736146        263.089789183913     
   255.096404385074        165.751937805331        159.075927950763     
   322.406012337430        170.287158117718        133.309751353325     
   173.188495747601        228.692199247545        249.729614727566     
   203.305872010732        296.432005366313        168.498946213719     
   116.621152861499        144.300721452425        298.286640463505     
   309.037347130136        346.927701084386        384.535964129882     
   828.261694803899        616.731622928670        449.951183694257     
   594.081139738223        593.284711321514        320.639346492342     
   262.172944767077        198.681431447791        140.916880757531     
   165.430431255535        179.204875187067        153.623063755587     
   198.529431673596        127.237266396951        182.341531859430     
   133.539862317581        171.775795527583        177.945263605424     
   158.397820627781        181.584422579630        58.5443259217889     
   132.732005393928        158.388571375739        200.087272691036     
   256.875119698123        168.236552851085        229.225071642181     
   203.729497414082        138.881257058536        159.035051009159     
   274.889669112617        196.031731921994        161.004924027692     
   230.274570361545        175.273190766312        212.825310309453     
   282.318116413432        138.733277092021        149.818345772473     
   129.738335047526        210.340293511530        201.293519102543     
   137.514959055273        215.717764897407        135.240604305378     
   138.493114406667        203.659620911422        132.494665985345     
   242.609759128004        214.622715827854        320.163991551848     
   199.280680079285        76.0073945001815        259.875772201595     
   166.903359768924        129.883673852020        194.989908678532     
   253.504478716032        144.165242068201        239.845995983808     
   164.542561168990        138.444167163074        128.478630857779     
   156.644498238094        106.650078364520        188.721442446266     
   279.358504605433        186.507402270148        245.242066204688     
   145.151294666993        84.8968169691769        160.678167185024     
   150.023625489226        218.992984262356        381.991439967965     
   278.128539108972        123.296986818534        121.971817248542     
   192.851856390194        183.176528631386        194.872831314480     
   170.588318961880        161.553620593491        190.261548339649     
   274.102655080795        242.443063466619        81.3573535476154     
   143.091843469220        188.868750322694        261.645575181650     
   91.5645483760402        160.544113072723        294.959472342375     
   198.237122440949        310.141027044976        234.521482394512     
   159.676084631422        191.291958985739        187.712055923188     
   224.478251682034        200.298424837130        187.170391904886     
   204.970862374896        239.171043527304        93.2313017507185     
   272.306403814472        199.275025470630        181.725427901960     
   166.180241198544        175.826331705071        136.612167381594     
   200.575315334365        163.934984919933        153.441393921867     
   116.535362723310        150.689260431008        278.431728224444     
   116.828419384015        205.451054250459        171.681865272402     
   140.353890200005        208.680875427883        82.3823561082189     
   240.217772082730        197.130637427025        144.188542712780     
   241.881539174569        218.764049318904        310.117337856236     
   339.144302907255        294.187744332904        232.329985271127     
   201.804237915358        184.798298619906        110.387568635745     
   143.361346415760        186.463214747903        227.723425978013     
   98.5097262203285        185.199536003197        133.540998621919     
   171.630769576878        123.256494088398        134.452802733544     
   175.721102847307        174.263874121436        124.309950606468     
   123.440400087130        53.5907762533886        211.544433908362     
   252.508170375864        241.145983045943        197.109722132752     
   213.320167734984        107.644784634962        108.862978943369     
   130.485382760988        153.943130336681        142.645964439458     
   145.577641512875        110.218038078358        178.805846992147     
   177.702334376605        230.575910770506        192.846248813078     
   200.394409275860        287.001173658099        183.517325191790     
   132.095817731727        158.988506370758        187.530141203879     
   181.074993974095        149.389422110405        210.134232968768     
   140.762198603567        255.526486652349        122.380599683813     
   185.009784348123        166.015111424352        163.924240068823     
   190.509250313687        123.185370573416        200.153153348958     
   195.936223785203        161.232848880960        89.0485658072933     
   176.073830328602        97.1946502573166        147.863364971749     
   198.430201774708        293.273635286178        280.321127350910     
